{
    "samples": [
        {
            "x": 1.5315756588211205,
            "y": 5.585365639282673,
            "heading": 3.1415924882008492,
            "angularVelocity": 6.922907205784732e-11,
            "velocityX": -1.2413724212181798,
            "velocityY": 0.006785460064800278,
            "timestamp": 0
        },
        {
            "x": 1.4875285889048424,
            "y": 5.585606444664278,
            "heading": 3.1415924882032273,
            "angularVelocity": 5.584915849516324e-11,
            "velocityX": -1.0344770310430105,
            "velocityY": 0.005655487074584422,
            "timestamp": 0.04257907000692329
        }
    ]
}